Bonelord.png
size:4001,4033
filter:Linear,Linear
pma:true
0
bounds:3775,457,123,260
offsets:0,1,126,262
000
bounds:3504,312,123,240
offsets:0,1,125,242
1
bounds:3016,83,328,328
offsets:1,1,330,330
11
bounds:3900,516,99,201
offsets:1,2,101,203
111
bounds:1290,2741,1310,1290
1111
bounds:2225,1665,699,969
offsets:0,0,709,1107
111_1
bounds:1419,2,414,414
111_2
bounds:3473,1024,312,312
111_3
bounds:2148,91,366,327
offsets:0,1,367,328
111_nm
bounds:2602,2741,1310,1290
1z
bounds:2601,112,413,755
offsets:1,1,415,757
2
bounds:821,10,596,946
22
bounds:3165,1818,354,260
offsets:2,0,356,262
222
bounds:3472,554,301,163
offsets:1,1,303,165
2222
bounds:2,36,817,860
offsets:2,1,820,862
222rr
bounds:3165,2080,371,659
offsets:1,1,373,661
222rrr
bounds:1290,2636,1679,103
offsets:1,1,1682,105
222w
bounds:1835,16,311,400
offsets:1,1,313,402
22w
bounds:3473,1338,311,471
offsets:1,2,313,474
2w
bounds:2150,875,481,788
3
bounds:708,958,558,1032
offsets:1,1,560,1034
33
bounds:3787,1118,165,227
offsets:1,1,167,229
3333
bounds:3254,443,216,443
offsets:1,1,219,446
4
bounds:3786,1347,210,462
offsets:2,2,214,465
44
bounds:2971,2636,79,103
offsets:1,1,81,105
444
bounds:1268,1022,880,837
offsets:1,1,882,839
4444
bounds:3016,413,236,466
offsets:2,2,240,469
5
bounds:3269,1309,202,507
offsets:1,1,204,509
55
bounds:2150,1731,72,128
offsets:1,0,74,130
5555
bounds:3009,1283,258,533
offsets:2,1,261,535
6
bounds:1419,418,713,602
66
bounds:2926,1925,237,709
offsets:1,1,239,711
666
bounds:2516,290,61,128
offsets:1,1,63,130
6666
bounds:2,898,704,1092
offsets:1,1,706,1094
7
bounds:3241,888,219,393
offsets:1,1,221,395
77
bounds:2633,869,374,794
offsets:1,1,376,796
777
bounds:3914,3832,85,199
offsets:1,1,87,201
7777
bounds:3629,340,175,115
offsets:2,1,178,117
8
bounds:2,1992,1286,2039
88
bounds:3009,881,230,400
offsets:2,1,233,402
888
bounds:3504,129,120,181
offsets:1,1,122,183
9
bounds:3472,719,460,303
offsets:1,1,463,305
99
bounds:1290,1861,933,773
offsets:1,1,935,775
999
bounds:3346,108,156,333
offsets:2,2,158,335
d1
bounds:3538,2276,461,463
offsets:1,1,462,465
d2
bounds:3538,1811,461,463
offsets:0,0,462,463
d3
bounds:2134,420,465,453
offsets:0,1,467,454
