Boss.png
size:4041,2849
filter:Linear,Linear
pma:true
scale:0.7
0
bounds:1856,267,578,1254
000
bounds:3528,52,179,123
0000
bounds:1759,82,246,183
11
bounds:2,1527,996,1320
111
bounds:835,229,402,751
offsets:0,1,403,752
2
bounds:3588,2148,451,699
222
bounds:1239,43,281,236
offsets:0,1,281,237
3
bounds:1856,1523,592,501
333
bounds:2509,1625,1077,1222
4
bounds:2436,81,387,258
44
bounds:1000,2026,1507,821
444
bounds:1239,281,492,699
5
bounds:3259,437,692,592
55
bounds:1000,982,854,1042
555
bounds:2,3,683,494
6
bounds:1522,43,235,236
66
bounds:2,499,831,1026
666
bounds:3528,177,461,258
7
bounds:2825,82,210,257
77
bounds:3259,16,267,419
777
bounds:3259,1031,755,592
offsets:0,0,756,592
8
bounds:3037,123,212,216
88
bounds:3588,1773,405,373
888
bounds:687,2,281,225
9
bounds:2450,341,807,1282
99
bounds:835,1405,158,120
999
bounds:970,11,245,216
