6.png
size:4030,3937
filter:Linear,Linear
pma:true
00
bounds:2561,63,465,234
offsets:1,1,467,236
000
bounds:2,933,1107,1143
offsets:1,1,1109,1145
1
bounds:1030,3,791,925
offsets:2,1,794,927
1111
bounds:1030,3,791,925
offsets:2,1,794,927
11
bounds:3568,3151,422,784
111
bounds:3028,35,183,262
offsets:1,1,185,266
2
bounds:1529,2794,1057,1141
offsets:2,1,1060,1143
22
bounds:2588,3009,978,926
222
bounds:2005,1054,547,865
offsets:0,0,548,865
2222
bounds:2554,1584,763,725
offsets:1,1,765,727
3
bounds:1823,215,736,713
offsets:1,1,739,715
33
bounds:3213,2,140,265
offsets:1,1,142,269
333
bounds:3817,1924,211,394
offsets:2,0,213,396
3333
bounds:2,10,1026,921
offsets:1,1,1028,923
4
bounds:1529,1921,1013,871
offsets:2,1,1016,873
44
bounds:2561,299,718,705
offsets:2,1,722,707
444
bounds:1111,1924,260,152
offsets:2,0,262,154
5
bounds:3281,534,364,470
55
bounds:1111,930,892,989
555
bounds:3593,2320,402,357
offsets:2,0,404,359
6
bounds:3319,1666,496,643
offsets:0,2,498,645
66
bounds:2554,1006,777,576
offsets:1,1,779,578
666
bounds:3593,2679,372,470
7
bounds:2,2078,1525,1857
77
bounds:3355,77,142,190
offsets:1,1,144,192
777
bounds:2118,62,193,151
offsets:0,0,234,151
8
bounds:2588,2311,1003,696
88
bounds:3281,269,319,263
888
bounds:3817,1775,207,147
offsets:0,0,232,147
9
bounds:3647,614,327,405
offsets:18,29,363,463
99
bounds:1823,4,293,209
999
bounds:3333,1021,506,643
offsets:1,0,508,645
z
bounds:3647,262,319,350
