Stonewarden_Mole.png
size:4019,1569
filter:Linear,Linear
pma:true
0
bounds:2443,276,302,366
offsets:2,0,304,368
00
bounds:2838,536,534,491
offsets:1,1,536,493
11
bounds:424,20,405,430
offsets:0,0,416,430
111
bounds:831,56,420,394
offsets:1,1,422,396
222
bounds:2985,155,203,379
offsets:2,1,205,381
33
bounds:1160,493,1134,1074
333
bounds:3832,172,173,308
offsets:1,1,175,310
44
bounds:2,452,1156,1115
offsets:1,1,1158,1117
444
bounds:3190,22,175,249
offsets:1,1,177,251
5
bounds:3832,482,183,306
offsets:1,2,185,310
55
bounds:2838,1029,924,538
555
bounds:2296,644,540,923
offsets:1,1,543,925
6
bounds:3832,790,185,328
offsets:1,1,187,330
66
bounds:1679,98,380,393
offsets:1,0,382,393
666
bounds:2747,231,236,303
offsets:1,1,238,305
66_nham
bounds:2061,98,380,393
offsets:1,0,382,393
7
bounds:3374,207,456,820
offsets:1,1,458,822
77
bounds:2,22,420,428
777
bounds:3764,1120,238,447
offsets:1,1,240,449
8
bounds:3190,273,168,261
offsets:1,1,170,263
9
bounds:1253,2,424,489
offsets:1,1,426,491
99
bounds:2443,34,253,240
offsets:2,0,255,242
mc1
bounds:1679,11,157,85
offsets:5,0,166,85
mc2
bounds:2296,555,125,87
offsets:7,0,132,87
