Soul_keeper.png
size:3815,2316
filter:Linear,Linear
pma:true
scale:0.7
0
bounds:2917,4,175,165
offsets:2,2,178,169
000
bounds:1719,2,404,227
offsets:0,0,404,228
00000
bounds:717,77,512,1156
11
bounds:3126,1135,434,662
1111
bounds:2182,223,339,298
offsets:1,0,340,298
111111
bounds:1231,106,486,438
2
bounds:1713,1423,892,891
offsets:41,43,979,977
2222
bounds:2917,171,319,318
offsets:1,2,321,322
3333
bounds:2125,22,199,199
333333
bounds:2,156,713,1077
4444
bounds:2924,627,197,561
offsets:0,0,197,568
5
bounds:3562,590,218,427
55
bounds:3123,491,435,295
offsets:0,0,438,295
5555
bounds:1839,523,488,231
offsets:0,0,489,232
555555
bounds:1839,756,553,665
555555_2
bounds:2739,8,176,652
555555_3
bounds:3562,1019,251,778
555555_4
bounds:2523,15,214,645
555555_5
bounds:2394,692,170,729
6
bounds:3775,2278,36,36
offsets:2,2,39,43
6666
bounds:3123,788,437,345
offsets:1,1,438,346
7
bounds:1713,1366,51,55
offsets:1,2,56,58
7777
bounds:2607,1799,1166,515
7777777
bounds:1719,231,461,290
offsets:1,0,463,291
8
bounds:2329,688,56,66
offsets:11,2,69,78
8888
bounds:2,1235,831,1079
888888
bounds:2,44,207,110
8999999
bounds:3238,219,282,270
9
bounds:835,1282,77,77
offsets:2,6,85,86
999
bounds:835,1361,876,953
co
bounds:2566,662,356,526
sung
bounds:1231,546,606,813
tp
bounds:3522,245,289,244
tp2
bounds:2326,21,158,200
z
bounds:2607,1190,517,607
